red 1.82342842588 1.31134502763 1.55561097632 
truck 0.706397383717 0.586986122147 1.50440594011 
yellow 1.89747615941 1.90319950559 1.58374437939 
green 1.90818615322 1.62080727562 1.58681570416 
blue 1.91448651417 1.00565068171 1.57655920579 
block1 0.443401325589 1.46323578241 1.62060131006 
through_box 0.24356619542 1.47625281587 1.60932098505 
block2 1.15448535533 1.64770817931 1.57677577034 
app_block1 0.446124482873 1.98794312427 1.61144241901 
temp 0.450534105801 2.0030515678 1.60574728312 
